Model_1 

Estimated annual F's 
 0.180471 0.233015 0.274744 0.249213 0.218149 0.184018 0.179938 0.179661 0.215475 0.24768 0.40522 0.809128 0.989421 0.830982 0.770322 0.637136 0.658673 0.688112 0.707092 0.938315 0.606719 0.774272 0.454007 0.333084 0.250695 0.235272 0.199106 0.155269 0.170912 0.197039 0.157126 0.0881392
Total mortality (Z)
 0.334616 0.350131 0.39572 0.457149 0.494329 0.528988 0.574465 0.607937 0.62395 0.62395 0.62395
 0.335867 0.355487 0.413108 0.491109 0.539343 0.585004 0.644751 0.689865 0.712877 0.712877 0.712877
 0.336377 0.358193 0.443462 0.538846 0.568536 0.616102 0.681847 0.745863 0.787652 0.787652 0.787652
 0.335504 0.35351 0.418086 0.502753 0.548132 0.596845 0.654585 0.70978 0.750715 0.750715 0.750715
 0.33492 0.348987 0.389713 0.460831 0.535488 0.591143 0.624257 0.663371 0.693645 0.693645 0.693645
 0.334792 0.350047 0.384643 0.439036 0.504735 0.550477 0.576805 0.607152 0.635503 0.635503 0.635503
 0.334931 0.349068 0.388996 0.445592 0.503638 0.559625 0.577878 0.598739 0.616951 0.616951 0.616951
 0.335047 0.347161 0.381432 0.434823 0.486731 0.561217 0.616079 0.622143 0.607214 0.607214 0.607214
 0.336744 0.353173 0.38855 0.44384 0.512463 0.608023 0.683647 0.677712 0.665359 0.665359 0.665359
 0.338547 0.360697 0.4071 0.457577 0.528465 0.613783 0.723428 0.749002 0.725295 0.725295 0.725295
 0.344927 0.376939 0.452277 0.556293 0.692333 0.83189 0.920141 0.983344 0.976424 0.976424 0.976424
 0.362387 0.428958 0.572044 0.777226 1.09293 1.46429 1.53621 1.52815 1.5894 1.5894 1.5894
 0.383527 0.509111 0.805981 0.993588 1.22213 1.57733 1.65638 1.74253 1.87435 1.87435 1.87435
 0.37097 0.517705 0.887411 0.993253 1.13589 1.31024 1.37756 1.46547 1.57076 1.57076 1.57076
 0.365696 0.527495 0.918914 0.982158 1.01098 1.16139 1.28232 1.4018 1.48426 1.48426 1.48426
 0.35876 0.516344 0.725093 0.818018 0.86366 0.99193 1.12475 1.25085 1.3297 1.3297 1.3297
 0.362432 0.476989 0.722126 0.872935 0.910199 1.02603 1.1577 1.27543 1.35719 1.35719 1.35719
 0.359578 0.477644 0.718896 0.925238 0.982893 1.06801 1.17925 1.30165 1.39536 1.39536 1.39536
 0.364346 0.48576 0.767563 1.038 1.10583 1.13573 1.1839 1.27238 1.3515 1.3515 1.3515
 0.373238 0.511935 0.876576 1.35105 1.46637 1.43435 1.44593 1.54198 1.65001 1.65001 1.65001
 0.371263 0.496977 0.756825 0.967242 0.981737 0.997704 1.04499 1.12079 1.18879 1.18879 1.18879
 0.376277 0.55288 0.985501 1.186 1.18523 1.18993 1.2212 1.30007 1.3833 1.3833 1.3833
 0.354564 0.464206 0.752809 0.872993 0.852216 0.822934 0.83312 0.881027 0.930071 0.930071 0.930071
 0.348727 0.43597 0.675705 0.750909 0.715178 0.684003 0.688185 0.722706 0.757513 0.757513 0.757513
 0.347114 0.412433 0.580679 0.660531 0.627127 0.599303 0.600149 0.622605 0.645901 0.645901 0.645901
 0.345684 0.405611 0.570027 0.663213 0.620897 0.585168 0.577732 0.595744 0.617974 0.617974 0.617974
 0.346299 0.408877 0.541695 0.601031 0.568995 0.538202 0.533771 0.552092 0.576399 0.576399 0.576399
 0.343044 0.393885 0.488485 0.543515 0.516669 0.496106 0.489401 0.501226 0.521876 0.521876 0.521876
 0.344346 0.399969 0.503615 0.564559 0.53574 0.513321 0.505855 0.518687 0.541312 0.541312 0.541312
 0.346532 0.410456 0.529659 0.600138 0.567349 0.541631 0.532973 0.547658 0.573678 0.573678 0.573678
 0.343134 0.392745 0.485859 0.543542 0.520333 0.500691 0.493443 0.504416 0.524742 0.524742 0.524742
 0.337354 0.364801 0.41649 0.449261 0.437063 0.426288 0.422126 0.428075 0.439358 0.439358 0.439358
Estimated numbers of fish 
       Year: 1992  1.0209e+06 490891 277264 165610 145559 110877 84167.1 56722.5 39092.8 23054.9 80911.5
       Year: 1993  1.40639e+06 730569 345880 186653 104846 88788.2 65328.8 47386.6 30883.8 20946.9 55707.7
       Year: 1994  1.46881e+06 1.00517e+06 512006 228831 114222 61138.8 49464.2 34284.1 23771.2 15140.2 37578.5
       Year: 1995  1.42084e+06 1.04925e+06 702554 328611 133505 64689.9 33017.7 25013.2 16261.8 10813.8 23982.4
       Year: 1996  1.33256e+06 1.01587e+06 736802 462495 198765 77169.5 35614.8 17157.9 12300.3 7676.04 16424.8
       Year: 1997  910826 953304 716598 499000 291723 116354 42728.3 19077.4 8838.25 6147.08 12044.4
       Year: 1998  835791 651684 671750 487783 321684 176103 67098.1 24000 10395.3 4681.35 9635.49
       Year: 1999  679139 597915 459662 455270 312398 194403 100630 37647.9 13188.1 5609.16 7725.18
       Year: 2000  424582 485791 422541 313895 294732 192010 110910 54345.8 20209.2 7185.77 7265.44
       Year: 2001  341552 303191 341247 286499 201385 176550 104535 55984.1 27595.6 10389.3 7429.2
       Year: 2002  257768 243460 211382 227126 181301 118718 95566.4 50708.7 26471.4 13361.3 8627.39
       Year: 2003  380929 182570 167004 134476 130218 90724.4 51669.4 38079.7 18968 9970.62 8282.15
       Year: 2004  459794 265132 118887 94251.9 61816 43653.5 20979.2 11119 8260.9 3870.37 3724.43
       Year: 2005  469293 313329 159352 53100.9 34896.4 18211 9015.57 4003.43 1946.68 1267.67 1165.46
       Year: 2006  556843 323843 186708 65608.4 19667 11206.5 4912.5 2273.66 924.665 404.687 505.815
       Year: 2007  520913 386290 191093 74487.6 24570.5 7156.04 3508.21 1362.69 559.67 209.594 206.383
       Year: 2008  509586 363880 230498 92542.6 32871.8 10359.3 2653.89 1139.24 390.084 148.065 110.05
       Year: 2009  392100 354662 225842 111957 38657.3 13229.1 3713.07 833.873 318.201 100.401 66.4344
       Year: 2010  367864 273674 219977 110050 44384 14466.6 4546.74 1141.8 226.881 78.8326 41.3326
       Year: 2011  420488 255537 168372 102101 38975.7 14688.2 4646.49 1391.67 319.892 58.7287 31.1051
       Year: 2012  425949 289506 153152 70077.6 26440.7 8994.05 3499.75 1094.37 297.758 61.4347 17.2524
       Year: 2013  407128 293846 176126 71851.9 26638.6 9906.27 3316.33 1230.85 356.79 90.6936 23.9671
       Year: 2014  434375 279458 169047 65739.4 21946.6 8142.76 3013.91 977.902 335.424 89.465 28.7511
       Year: 2015  452015 304705 175677 79628.1 27459.3 9359.52 3575.82 1310.12 405.201 132.333 46.6393
       Year: 2016  598367 318935 197034 89383.9 37579.5 13430.5 4722.75 1796.81 635.98 189.971 83.9079
       Year: 2017  539881 422881 211147 110244 46173.7 20072.1 7375.95 2591.51 964.067 333.374 143.564
       Year: 2018  599072 382093 281879 119406 56796.9 24816.6 11180.4 4139.16 1428.32 519.667 257.087
       Year: 2019  547279 423724 253861 163986 65463.8 32152.4 14487.9 6556.07 2383.1 802.598 436.472
       Year: 2020  542241 388353 285773 155758 95227.5 39049.4 19577.5 8880.96 3971.59 1414.15 735.272
       Year: 2021  559818 384277 260329 172705 88565.6 55730.6 23371.3 11805 5286.85 2311.4 1250.93
       Year: 2022  601601 395868 254909 153283 94769.2 50219.1 32424 13715.6 6826.89 2978.87 2007.19
       Year: 2023  548596 426862 267290 156812 89009.6 56323.5 30438.4 19795.5 8282.28 4039.52 2950.29

Estimated F mortality 
Fishery 1 : 
        Year: 1992  0.00374436 0.0174342 0.0580639 0.108686 0.127606 0.13725 0.151777 0.149463 0.131965 0.131965 0.131965 
        Year: 1993  0.00469697 0.0218696 0.0728359 0.136337 0.160071 0.172168 0.190391 0.187488 0.165538 0.165538 0.165538 
        Year: 1994  0.00482775 0.0232546 0.0992146 0.174501 0.170705 0.171526 0.179206 0.178293 0.170352 0.170352 0.170352 
        Year: 1995  0.00407018 0.0186258 0.0732206 0.136779 0.149397 0.155276 0.157893 0.15204 0.146438 0.146438 0.146438 
        Year: 1996  0.00378492 0.0147507 0.0456261 0.095556 0.141459 0.163989 0.155432 0.143187 0.134182 0.134182 0.134182 
        Year: 1997  0.0039743 0.0166506 0.0417831 0.075009 0.116903 0.140777 0.138411 0.130732 0.126628 0.126628 0.126628 
        Year: 1998  0.00430272 0.0162316 0.0455748 0.0771726 0.116926 0.158701 0.1558 0.143825 0.136843 0.136843 0.136843 
        Year: 1999  0.00447426 0.0145449 0.0397708 0.0733596 0.108388 0.157555 0.178739 0.158131 0.138987 0.138987 0.138987 
        Year: 2000  0.00610534 0.0201765 0.0452937 0.076623 0.120322 0.185187 0.233011 0.206398 0.177223 0.177223 0.177223 
        Year: 2001  0.00784564 0.0272508 0.0630438 0.0919541 0.134955 0.187583 0.247624 0.244967 0.218933 0.218933 0.218933 
        Year: 2002  0.0139165 0.0426471 0.10636 0.180768 0.265249 0.334128 0.359209 0.381304 0.382581 0.382581 0.382581 
        Year: 2003  0.0305924 0.0917971 0.216236 0.372051 0.581806 0.746185 0.735265 0.703723 0.767044 0.767044 0.767044 
        Year: 2004  0.0518892 0.172575 0.449108 0.574703 0.69493 0.893025 0.904155 0.951153 1.06042 1.06042 1.06042 
        Year: 2005  0.0398466 0.183015 0.537297 0.599596 0.646867 0.718322 0.768261 0.833131 0.934946 0.934946 0.934946 
        Year: 2006  0.0341211 0.189529 0.552603 0.557688 0.517314 0.585913 0.661585 0.735514 0.803296 0.803296 0.803296 
        Year: 2007  0.0259884 0.166817 0.327873 0.357854 0.346309 0.379602 0.439915 0.496712 0.536927 0.536927 0.536927 
        Year: 2008  0.0277047 0.120187 0.286947 0.350129 0.338378 0.362323 0.403454 0.446767 0.477196 0.477196 0.477196 
        Year: 2009  0.0221568 0.103306 0.237148 0.312144 0.314145 0.324947 0.347899 0.376805 0.399184 0.399184 0.399184 
        Year: 2010  0.0270789 0.11425 0.301094 0.441659 0.447925 0.442889 0.451691 0.478706 0.502184 0.502184 0.502184 
        Year: 2011  0.0298923 0.108545 0.281928 0.466441 0.481601 0.466004 0.468952 0.488544 0.507655 0.507655 0.507655 
        Year: 2012  0.0321054 0.100327 0.222462 0.323418 0.338113 0.350116 0.371545 0.395918 0.411985 0.411985 0.411985 
        Year: 2013  0.0335593 0.130182 0.308632 0.379353 0.400052 0.425024 0.44715 0.471984 0.492027 0.492027 0.492027 
        Year: 2014  0.0141782 0.0563666 0.136172 0.17405 0.185906 0.189668 0.197349 0.208527 0.216034 0.216034 0.216034 
        Year: 2015  0.00979473 0.0366381 0.0950717 0.120733 0.125952 0.127182 0.132504 0.140245 0.145478 0.145478 0.145478 
        Year: 2016  0.010661 0.0367259 0.0860058 0.119018 0.126033 0.127026 0.131697 0.139152 0.144709 0.144709 0.144709 
        Year: 2017  0.0079 0.0278491 0.0731288 0.10729 0.112697 0.111972 0.112576 0.116966 0.120862 0.120862 0.120862 
        Year: 2018  0.00691486 0.0219681 0.0511582 0.0777435 0.0857124 0.0847662 0.084752 0.0882675 0.0931129 0.0931129 0.0931129 
        Year: 2019  0.00530542 0.0178305 0.0452797 0.0793822 0.0881699 0.0852931 0.0800036 0.0799973 0.0859952 0.0859952 0.0859952 
        Year: 2020  0.00594782 0.0199894 0.0507623 0.0889941 0.0988458 0.0956207 0.0896907 0.0896836 0.0964077 0.0964077 0.0964077 
        Year: 2021  0.00692123 0.0232609 0.0590701 0.103559 0.115023 0.11127 0.104369 0.104361 0.112186 0.112186 0.112186 
        Year: 2022  0.00595243 0.020005 0.0508017 0.0890631 0.0989225 0.0956948 0.0897603 0.0897531 0.0964825 0.0964825 0.0964825 
        Year: 2023  0.00346011 0.0116288 0.0295307 0.0517719 0.0575031 0.0556269 0.0521771 0.052173 0.0560847 0.0560847 0.0560847 
Fishery 2 : 
        Year: 1992  0.000871981 0.00269634 0.00765624 0.0184624 0.0367228 0.0617383 0.0926874 0.128475 0.161985 0.161985 0.161985 
        Year: 1993  0.00116995 0.00361773 0.0102725 0.0247714 0.0492717 0.0828355 0.12436 0.172377 0.217339 0.217339 0.217339 
        Year: 1994  0.00154951 0.0049383 0.0142473 0.0343453 0.0678306 0.114576 0.172641 0.23757 0.2873 0.2873 0.2873 
        Year: 1995  0.00143415 0.00488411 0.0148652 0.0359738 0.0687354 0.111569 0.166692 0.22774 0.274277 0.274277 0.274277 
        Year: 1996  0.00113549 0.00423648 0.0140869 0.0352754 0.064029 0.0971544 0.138826 0.190184 0.229463 0.229463 0.229463 
        Year: 1997  0.000817949 0.00339691 0.0128602 0.0340266 0.0578316 0.0797003 0.108394 0.14642 0.178874 0.178874 0.178874 
        Year: 1998  0.00062798 0.00283649 0.0134212 0.0384192 0.0567117 0.0709232 0.0920778 0.124914 0.150108 0.150108 0.150108 
        Year: 1999  0.000572796 0.00261662 0.0116607 0.031463 0.0483434 0.0736617 0.10734 0.134012 0.138227 0.138227 0.138227 
        Year: 2000  0.000638297 0.00299624 0.0132562 0.0372172 0.0621409 0.0928355 0.120636 0.141315 0.158137 0.158137 0.158137 
        Year: 2001  0.000701309 0.00344621 0.0140559 0.035623 0.0635098 0.0962001 0.145805 0.174035 0.176362 0.176362 0.176362 
        Year: 2002  0.00101034 0.00429151 0.0159174 0.0455247 0.0970839 0.167761 0.230932 0.27204 0.263844 0.263844 0.263844 
        Year: 2003  0.00179434 0.00716089 0.0258083 0.0751749 0.181123 0.388108 0.470945 0.494424 0.492359 0.492359 0.492359 
        Year: 2004  0.00163792 0.00653573 0.0268729 0.0888844 0.197204 0.354306 0.422228 0.461379 0.483932 0.483932 0.483932 
        Year: 2005  0.00112322 0.00469005 0.0201145 0.0636568 0.15902 0.261922 0.279303 0.302343 0.305819 0.305819 0.305819 
        Year: 2006  0.00157465 0.00796684 0.0363105 0.0944701 0.163669 0.24548 0.290738 0.336284 0.350965 0.350965 0.350965 
        Year: 2007  0.0027716 0.0195269 0.0672201 0.130164 0.187351 0.282328 0.354831 0.424142 0.462771 0.462771 0.462771 
        Year: 2008  0.00472781 0.0268015 0.105178 0.192806 0.241821 0.333705 0.424248 0.498665 0.549992 0.549992 0.549992 
        Year: 2009  0.0074216 0.0443376 0.151749 0.283094 0.338748 0.413059 0.501355 0.594849 0.666172 0.666172 0.666172 
        Year: 2010  0.0072673 0.0415106 0.136469 0.266342 0.327907 0.36284 0.402213 0.463671 0.519314 0.519314 0.519314 
        Year: 2011  0.013346 0.0733901 0.264648 0.554613 0.654774 0.638351 0.646977 0.723436 0.812354 0.812354 0.812354 
        Year: 2012  0.00915782 0.0666505 0.204363 0.313824 0.313624 0.317589 0.343441 0.394873 0.44681 0.44681 0.44681 
        Year: 2013  0.0127177 0.0926977 0.346869 0.476644 0.455179 0.434906 0.444054 0.498083 0.561273 0.561273 0.561273 
        Year: 2014  0.0103858 0.0778391 0.286637 0.368943 0.33631 0.303265 0.305771 0.3425 0.384037 0.384037 0.384037 
        Year: 2015  0.00893202 0.0693318 0.250633 0.300176 0.259227 0.226821 0.225681 0.252461 0.282035 0.282035 0.282035 
        Year: 2016  0.00645343 0.0457067 0.164673 0.211513 0.171095 0.142277 0.138452 0.153453 0.171192 0.171192 0.171192 
        Year: 2017  0.00778391 0.0477619 0.166898 0.225923 0.1782 0.143195 0.135155 0.148778 0.167112 0.167112 0.167112 
        Year: 2018  0.0093842 0.0569089 0.160537 0.193288 0.153282 0.123436 0.119019 0.133825 0.153286 0.153286 0.153286 
        Year: 2019  0.00773845 0.0460547 0.113205 0.134133 0.0984994 0.0808128 0.0793974 0.0912288 0.105881 0.105881 0.105881 
        Year: 2020  0.00839795 0.0499796 0.122853 0.145565 0.106894 0.0877 0.086164 0.0990037 0.114904 0.114904 0.114904 
        Year: 2021  0.00961032 0.0571949 0.140588 0.166579 0.122326 0.100361 0.0986031 0.113296 0.131492 0.131492 0.131492 
        Year: 2022  0.00718149 0.0427399 0.105057 0.124479 0.0914101 0.0749964 0.0736829 0.0846627 0.09826 0.09826 0.09826 
        Year: 2023  0.00389358 0.0231723 0.0569589 0.0674888 0.0495598 0.0406608 0.0399487 0.0459016 0.0532736 0.0532736 0.0532736 

survey q 
 1.10026 1.10026 1.10026 1.10026 1.10026 1.10026 1.10026 1.10026 1.10026 1.10026 1.10026 1.10026 1.10026 1.10026 1.10026 1.10026 1.10026 1.10026 1.10026 1.10026 1.10026 1.10026 1.10026 1.10026 1.10026 1.10026

Observed survey values 

Yr_Obs_Pred_Survey 1 : 
1992 -1  1.11074e+06
1993 198540 1.14335e+06
1994 -1  1.27123e+06
1995 505765 1.40454e+06
1996 -1  1.49523e+06
1997 712878 1.31779e+06
1998 -1  909518
1999 899207 769677
2000 891598 551485
2001 917122 959108
2002 -1  623090
2003 -1  394401
2004 272084 251838
2005 223721 232894
2006 266596 162746
2007 278700 333237
2008 313778 311592
2009 322729 263193
2010 284575 177578
2011 290331 194801
2012 273954 176800
2013 224977 150036
2014 204997 181857
2015 211884 222209
2016 242920 256648
2017 301330 164080
2018 304710 345003
2019 356883 333808
2020 354003 335560
2021 342125 292333
2022 344251 377841
2023 360000 425287

Survey_Q:   1.10026 1.10026 1.10026 1.10026 1.10026 1.10026 1.10026 1.10026 1.10026 1.10026 1.10026 1.10026 1.10026 1.10026 1.10026 1.10026 1.10026 1.10026 1.10026 1.10026 1.10026 1.10026 1.10026 1.10026 1.10026 1.10026

Observed Prop 
ObsFishery 1 : 
1992  0.0114737 0.0618066 0.146377 0.169638 0.165326 0.132657 0.114577 0.0820644 0.0452168 0.0333997 0.0374637
1993  0.0640109 0.143728 0.162638 0.146539 0.0921866 0.0971638 0.0987506 0.0771043 0.051715 0.0349407 0.0312237
1994  0.0357941 0.126252 0.420429 0.289456 0.0763523 0.0187444 0.0129406 0.00540936 0.00660567 0.00251481 0.00550229
1995  0.0243075 0.113006 0.37633 0.316603 0.0986553 0.0392795 0.0158509 0.00533004 0.00310068 0.00270418 0.00483214
1996  0.00345688 0.0481767 0.173082 0.280356 0.222031 0.140616 0.0637493 0.0286754 0.0146061 0.00825131 0.016999
1997  0.02967 0.189339 0.207154 0.217569 0.221954 0.0978205 0.0219978 0.0050403 0.00154241 0.00573626 0.00217743
1998  0.0067836 0.0705653 0.232691 0.215528 0.211146 0.189879 0.0565531 0.0110489 0.00580506 0 0
1999  0.00030945 0.017179 0.12061 0.2276 0.215658 0.211614 0.138934 0.050761 0.0125912 0.0033645 0.00137834
2000  0 0.0782553 0.0932061 0.105331 0.190684 0.251805 0.197467 0.0641223 0.0145073 0.00436267 0.000260067
2001  0.00802251 0.0984446 0.1774 0.140012 0.126385 0.154126 0.182382 0.0842312 0.0239653 0.00352705 0.00150312
2002  0 0.0202987 0.0889593 0.152326 0.258897 0.159167 0.13567 0.0955759 0.0476264 0.0306273 0.010853
2003  0.00943111 0.0151349 0.0634879 0.0879191 0.208086 0.27936 0.128768 0.101471 0.0549828 0.0230733 0.0282867
2004  0.150591 0.201562 0.215632 0.160958 0.0856152 0.0962016 0.0356414 0.0139806 0.027194 0.00839019 0.00423487
2005  0.0572593 0.262764 0.431943 0.0871423 0.087824 0.0433603 0.0125842 0.00830885 0.00356055 0.002614 0.00263967
2006  0.0545322 0.295269 0.484599 0.118105 0.019545 0.0127951 0.00576856 0.00444537 0.00384972 0.000650957 0.000439644
2007  0.0378568 0.56594 0.293837 0.0735392 0.013215 0.00992997 0.0022172 0.00262282 0.000290014 0.000187106 0.000364856
2008  0.105534 0.269976 0.384832 0.149223 0.035777 0.0275083 0.0149857 0.00608773 0.00263916 0.00158112 0.00185558
2009  0.0351503 0.299292 0.357555 0.205257 0.0547104 0.0295208 0.0108789 0.00448286 0.0018412 0.000829543 0.000481938
2010  0.0228006 0.186431 0.312856 0.274104 0.116602 0.0471733 0.0193632 0.00896739 0.00656052 0.00281566 0.00232676
2011  0.0516624 0.186046 0.282976 0.246537 0.12345 0.0573278 0.0253983 0.0137285 0.00584792 0.00337226 0.00365381
2012  0.19996 0.308187 0.285291 0.151413 0.0245759 0.00857537 0.00674179 0.00682438 0.00405432 0.00264201 0.00173508
2013  0.0824212 0.310666 0.376534 0.137281 0.0411748 0.0252114 0.0130457 0.00506286 0.003867 0.00355837 0.00117761
2014  0.0859013 0.303731 0.35319 0.148316 0.0658994 0.0240279 0.00877268 0.00666 0.00228463 0.0011414 7.49958e-05
2015  0.0803117 0.250196 0.396232 0.170715 0.065753 0.0208121 0.00961714 0.00488366 0.000935477 0.000396266 0.000148374
2016  0.153431 0.268888 0.306659 0.167497 0.0655868 0.0230865 0.00918934 0.00454198 0.000726779 0.000393607 0
2017  0.0325007 0.211814 0.333162 0.232347 0.0960477 0.0493401 0.0240078 0.0138576 0.004323 0.0012563 0.00134449
2018  0.146026 0.240896 0.311979 0.180417 0.0782233 0.0230367 0.00986456 0.00662162 0.00267418 7.10959e-05 0.000190666
2019  0.103772 0.197793 0.240594 0.229451 0.13394 0.0617828 0.0198452 0.00917502 0.00262143 0.000981247 4.47649e-05
2020  0.00838465 0.0815632 0.253427 0.325113 0.202545 0.0827535 0.0286898 0.0108477 0.00402107 0.00206342 0.000592668
2021  0.0145757 0.072343 0.176893 0.229411 0.172879 0.134008 0.0830877 0.0464254 0.0378433 0.00846564 0.0240678
2022  0.0845763 0.185379 0.260092 0.247008 0.128545 0.0572689 0.0229672 0.00696055 0.00426332 0.00248975 0.000450307
2023  0.0636078 0.213001 0.276795 0.234731 0.107782 0.0580567 0.0249379 0.0113634 0.00656901 0.0026387 0.000517006
ObsFishery 2 : 
1998  0 0.00685271 0.177127 0.334931 0.261802 0.144313 0.0459216 0.0196388 0.00941332 0 0
1999  0 0.00143298 0.0794764 0.200682 0.169452 0.196743 0.180679 0.114321 0.038903 0.0147982 0.00351311
2000  0 0.00428003 0.0938565 0.188567 0.239129 0.247159 0.13796 0.050674 0.023236 0.0151391 0
2001  0.0017359 0.0428588 0.110901 0.146986 0.148133 0.17014 0.200001 0.115021 0.0409291 0.00918383 0.0141102
2002  0 0.00251977 0.0194047 0.103219 0.19392 0.188582 0.218287 0.156739 0.0623815 0.0399685 0.0149779
2003  0.000107256 0.000682774 0.0130381 0.037618 0.137109 0.329142 0.181634 0.163921 0.0725781 0.0335946 0.0305757
2004  0.00750848 0.012343 0.0586912 0.185612 0.183708 0.217541 0.115847 0.0713982 0.0987162 0.0317699 0.0168649
2005  0.00293146 0.019462 0.111367 0.112282 0.276844 0.250776 0.0992979 0.0666514 0.0303585 0.0176603 0.0123693
2006  0.03059 0.0820582 0.307706 0.2736 0.122348 0.0974199 0.0353428 0.0323359 0.0157739 0.00225515 0.000569849
2007  0.0158465 0.309705 0.336647 0.205593 0.0622047 0.0498107 0.00863464 0.00839969 0.00106383 0.000476439 0.00161859
2008  0.0440956 0.141734 0.398344 0.244563 0.0769218 0.0534006 0.025812 0.00769647 0.00293685 0.00200075 0.00249517
2009  0.0214133 0.196098 0.345227 0.292287 0.085307 0.0409235 0.0118684 0.00384863 0.00162034 0.000999165 0.000407067
2010  0.0272176 0.16555 0.285285 0.285738 0.136586 0.0549216 0.0215934 0.00887919 0.00622882 0.00358291 0.00441729
2011  0.0156107 0.100561 0.266311 0.302804 0.186016 0.0807027 0.0248944 0.0120095 0.00423947 0.00230087 0.00455082
2012  0.0481513 0.340814 0.371543 0.199523 0.0249643 0.00353647 0.00262427 0.00277256 0.00173229 0.00144919 0.00288939
2013  0.0107811 0.20984 0.440693 0.214682 0.0699691 0.0310082 0.0107142 0.00389584 0.00245193 0.0035813 0.00238258
2014  0.0295991 0.251663 0.44445 0.189119 0.0615491 0.0138052 0.00359714 0.00268681 0.00146714 0.00129037 0.000773341
2015  0.0178976 0.257789 0.467532 0.180764 0.0543623 0.0110275 0.00419696 0.00328534 0.00130797 0.00153698 0.000299468
2016  0.0238657 0.214454 0.434918 0.231305 0.0631138 0.015654 0.00677351 0.0053655 0.00182035 0.00273052 0
2017  0.0155602 0.192057 0.391327 0.270382 0.0780929 0.027352 0.0107906 0.00702224 0.00372666 0.000825056 0.00286452
2018  0.0449622 0.259408 0.405122 0.204489 0.0612777 0.0105061 0.00434494 0.00401511 0.00358853 0.000848758 0.00143805
2019  0.0798206 0.332938 0.316125 0.179292 0.0605042 0.0168977 0.00522789 0.00516672 0.00235279 0.0012705 0.000404679
2020  0.0202536 0.190415 0.40411 0.290085 0.0647634 0.0158408 0.00456837 0.00239734 0.00286407 0.00251756 0.00218518
Pobs_length_fishery_1

Pobs_length_fishery_2


Predicted prop  
PredFishery 1 : 
1992  0.0342705 0.0761675 0.140248 0.152393 0.154589 0.124662 0.102508 0.0670102 0.0404841 0.0238754 0.0837911
1993  0.0498029 0.119349 0.183178 0.178479 0.115139 0.102725 0.0813702 0.0569677 0.0324497 0.0220089 0.0585321
1994  0.0430045 0.140311 0.293028 0.220469 0.106213 0.0559128 0.0458951 0.0307672 0.020014 0.0127472 0.0316389
1995  0.0368095 0.123341 0.314995 0.264675 0.115042 0.056674 0.0286624 0.0204032 0.012548 0.00834422 0.0185054
1996  0.0354361 0.104586 0.23019 0.292777 0.179999 0.0789956 0.0340444 0.0148476 0.00984151 0.00614163 0.0131416
1997  0.0256588 0.111706 0.207319 0.252682 0.223362 0.105065 0.0374846 0.0155928 0.00690871 0.00480507 0.00941493
1998  0.023197 0.0677789 0.192526 0.230574 0.224311 0.162469 0.0602715 0.0197148 0.00805837 0.00362896 0.00746938
1999  0.0209773 0.0596951 0.123482 0.220048 0.217807 0.190436 0.109096 0.0360114 0.0111622 0.0047475 0.00653847
2000  0.0167388 0.0628036 0.120611 0.147724 0.211038 0.202628 0.142378 0.0619602 0.0198927 0.00707326 0.00715168
2001  0.0176176 0.0537561 0.136965 0.16384 0.16361 0.191814 0.14279 0.0748062 0.0332994 0.0125367 0.00896478
2002  0.0179018 0.0510413 0.106713 0.185808 0.204758 0.158901 0.132418 0.0726221 0.0381485 0.0192551 0.0124331
2003  0.0455212 0.0634614 0.128061 0.161967 0.214586 0.165503 0.0903778 0.0639441 0.0339288 0.0178348 0.0148146
2004  0.102709 0.185848 0.189999 0.177947 0.128514 0.101645 0.048029 0.0259501 0.0205066 0.0096077 0.00924542
2005  0.094295 0.270165 0.342572 0.121817 0.081426 0.044004 0.0226935 0.0105641 0.00553959 0.00360738 0.0033165
2006  0.0946202 0.283601 0.401265 0.138553 0.0380645 0.0230925 0.0108896 0.00534729 0.0023011 0.00100709 0.00125876
2007  0.0852095 0.377021 0.333804 0.136371 0.0426846 0.0129059 0.00694055 0.00289305 0.00124498 0.00046624 0.000459099
2008  0.0939271 0.275865 0.373599 0.171421 0.0579182 0.0186149 0.00503061 0.00228105 0.000807843 0.000306634 0.000227907
2009  0.0670499 0.267659 0.350967 0.209467 0.0710412 0.0242724 0.00696999 0.00161451 0.000629206 0.000198532 0.000131366
2010  0.0657026 0.194917 0.363911 0.238006 0.0946658 0.0301383 0.00947361 0.00243365 0.000491737 0.00017086 8.95834e-05
2011  0.0998914 0.206716 0.30104 0.248733 0.0937652 0.0346138 0.0109702 0.0033003 0.000757209 0.000139015 7.36281e-05
2012  0.140032 0.280567 0.292935 0.178044 0.0698033 0.0244232 0.00988863 0.00319383 0.00087963 0.000181489 5.09666e-05
2013  0.112387 0.290036 0.341208 0.157553 0.0616178 0.0242985 0.00845101 0.00320857 0.000938495 0.000238559 6.30428e-05
2014  0.112735 0.273982 0.35166 0.165932 0.059698 0.0228848 0.00877477 0.00294709 0.00102562 0.000273556 8.79121e-05
2015  0.10513 0.254499 0.34149 0.190152 0.0694896 0.024249 0.00963414 0.00367945 0.00116257 0.000379682 0.000133814
2016  0.13088 0.233074 0.31215 0.189064 0.0854383 0.0311623 0.0113567 0.00451949 0.0016463 0.00049176 0.000217205
2017  0.0895451 0.240406 0.292267 0.21471 0.0962617 0.0422509 0.0156623 0.00567117 0.00215831 0.000746344 0.000321406
2018  0.100002 0.196776 0.317998 0.199284 0.106031 0.0464624 0.0209711 0.00801874 0.00288698 0.00105037 0.000519634
2019  0.0681235 0.173082 0.252039 0.278338 0.124934 0.0599206 0.0254038 0.0114327 0.00442529 0.00149038 0.000810505
2020  0.0623245 0.146152 0.260329 0.241941 0.166459 0.0667109 0.0314789 0.0141951 0.00675398 0.00240486 0.00125039
2021  0.0627914 0.140583 0.228922 0.25788 0.149076 0.0918123 0.0362575 0.0181905 0.00865464 0.00378379 0.00204778
2022  0.0664605 0.143593 0.224889 0.230908 0.160252 0.0828902 0.0503663 0.0211968 0.0112367 0.00490307 0.00330373
2023  0.056948 0.147009 0.228184 0.231152 0.146557 0.0901621 0.0457922 0.0296962 0.0132865 0.00648022 0.00473287
PredFishery 2 : 
1998  0.00766191 0.026805 0.128309 0.259775 0.246214 0.164317 0.0806123 0.0387498 0.0200046 0.00900877 0.0185425
1999  0.00598718 0.0239421 0.0807148 0.210403 0.216581 0.198496 0.146064 0.068039 0.0247492 0.0105263 0.0144973
2000  0.00368206 0.0196231 0.0742718 0.150969 0.229322 0.213725 0.155094 0.0892581 0.0373474 0.0132796 0.0134268
2001  0.00343011 0.0148071 0.0665127 0.138248 0.167702 0.214261 0.183129 0.115757 0.0584267 0.0219967 0.0157295
2002  0.00317743 0.012557 0.039044 0.114402 0.183223 0.195052 0.208127 0.12667 0.0643198 0.0324649 0.0209627
2003  0.00754085 0.0139818 0.0431681 0.0924297 0.188674 0.243124 0.163495 0.126886 0.0615099 0.032333 0.0268576
2004  0.0181177 0.0393326 0.0635323 0.153798 0.203799 0.22536 0.125339 0.0703438 0.0522975 0.0245022 0.0235783
2005  0.0303561 0.0790686 0.146464 0.147699 0.228604 0.183244 0.094222 0.0437827 0.0206938 0.0134758 0.0123892
2006  0.0449851 0.122813 0.271627 0.241792 0.124067 0.0996727 0.0493008 0.0251867 0.0103573 0.00453295 0.00566569
2007  0.0424866 0.206333 0.319962 0.231909 0.107963 0.0448771 0.0261733 0.0115498 0.00501679 0.00187877 0.00184999
2008  0.0425388 0.163262 0.363427 0.250521 0.109849 0.0455004 0.0140389 0.00675692 0.00247101 0.000937924 0.000697116
2009  0.0333446 0.170555 0.333434 0.282051 0.113735 0.0458088 0.0149128 0.00378415 0.00155899 0.000491903 0.000325487
2010  0.0350915 0.140939 0.32825 0.285638 0.137916 0.0491377 0.0167883 0.00469111 0.00101199 0.000351628 0.000184362
2011  0.0464965 0.145715 0.294616 0.30834 0.132907 0.0494335 0.0157789 0.00509509 0.00126326 0.000231922 0.000122835
2012  0.0519664 0.242496 0.350106 0.224766 0.0842371 0.0288229 0.0118921 0.00414424 0.00124114 0.000256078 7.19131e-05
2013  0.0453705 0.220005 0.408515 0.210883 0.0746854 0.0264865 0.00894036 0.00360703 0.00114046 0.000289898 7.66098e-05
2014  0.0480567 0.220179 0.430772 0.204688 0.0628469 0.0212938 0.00791179 0.00281689 0.001061 0.000282993 9.09449e-05
2015  0.0443221 0.222649 0.416198 0.218567 0.0661198 0.0199933 0.00758603 0.00306215 0.00104198 0.000340298 0.000119934
2016  0.0537648 0.196849 0.405595 0.228017 0.0787115 0.0236868 0.00810231 0.00338228 0.0013217 0.000394798 0.000174378
2017  0.0475272 0.222098 0.359311 0.243546 0.0819937 0.0291061 0.0101291 0.00388581 0.00160755 0.000555889 0.000239388
2018  0.0555055 0.208484 0.408129 0.20264 0.0775521 0.0276715 0.0120449 0.00497226 0.00194379 0.000707212 0.000349868
2019  0.0525811 0.23657 0.333449 0.248877 0.0738571 0.0300428 0.0133412 0.00689928 0.00288325 0.000971044 0.000528076
2020  0.0494731 0.205443 0.354211 0.222484 0.101204 0.0343985 0.0170017 0.00880991 0.00452563 0.00161142 0.000837843
Pred_length_fishery_1

Pred_length_fishery_2


Observed prop Survey
ObsSurvey 1 : 
1993  0.266951 0.142412 0.0978961 0.0796714 0.0775423 0.0869061 0.077737 0.0511501 0.0436477 0.0380432 0.0380432
1995  0.121176 0.361052 0.222115 0.113441 0.0515738 0.0374146 0.0190793 0.0125196 0.0103407 0.0256439 0.0256439
1997  0.179149 0.178265 0.232316 0.179016 0.111484 0.050115 0.0175333 0.0178666 0.00283365 0.0157108 0.0157108
1999  0.0393882 0.0823319 0.153874 0.126952 0.0961845 0.116736 0.102696 0.137743 0.0619548 0.0501051 0.0320355
2000  0.109052 0.261699 0.136463 0.102481 0.0912083 0.0894944 0.0765168 0.0571656 0.0391938 0.0250857 0.0116404
2001  0.118018 0.240605 0.306187 0.139105 0.0593614 0.0494796 0.0301958 0.0250509 0.0185342 0.00507503 0.00838794
2004  0.403667 0.290886 0.107453 0.0732272 0.0358469 0.0244086 0.019244 0.0183777 0.0100366 0.00946676 0.0073866
2005  0.358827 0.392391 0.198979 0.027654 0.0116807 0.00357815 0.00227054 0.0016061 0.00181125 0.000477765 0.000724502
2006  0.269885 0.527787 0.1535 0.0326601 0.00885867 0.00357838 0.0016963 0.00127246 0.000364093 0.000233393 0.000165242
2007  0.339239 0.4579 0.173776 0.0155609 0.00626383 0.00282361 0.0015246 0.00121348 0.000881673 0.000425798 0.000391019
2008  0.425119 0.428953 0.103788 0.0234702 0.00637283 0.00573717 0.00393993 0.00071374 0.00138034 0.000427213 9.79643e-05
2009  0.302702 0.465741 0.179269 0.0271868 0.00529071 0.00579143 0.00203769 0.00271098 0.00379505 0.00376184 0.00171442
2010  0.359857 0.42317 0.156199 0.0355273 0.0199056 0.00248795 0.00020503 0.00105472 0.000261216 0.000655503 0.000676203
2011  0.412083 0.339036 0.181693 0.0330906 0.0183975 0.00772856 0.0014942 0.00212287 0.00234116 0.00147237 0.000541359
2012  0.419475 0.358184 0.148154 0.0297599 0.0192397 0.00899836 0.00347244 0.00359141 0.00513183 0.00307092 0.000922019
2013  0.341673 0.463826 0.114036 0.0389988 0.0174198 0.00409021 0.00688701 0.00801952 0.00100838 0.00340979 0.000631386
2014  0.374706 0.441165 0.14131 0.0223393 0.0123904 0.00230415 0.00262167 0.0013187 0.00105983 0.000260308 0.000524907
2015  0.294619 0.505053 0.157947 0.0258773 0.00570745 0.00299766 0.00495458 0.000411036 0.00151128 0 0.000921718
2016  0.502858 0.347411 0.0784815 0.0341491 0.0221383 0.00716671 0.0017717 0.00331573 0.00124007 0.000603079 0.000864656
2017  0.214014 0.546892 0.120959 0.0561565 0.0347855 0.00492003 0.0121658 0.0031367 0.00356109 0.00179001 0.00161959
2018  0.241341 0.361501 0.246447 0.0984272 0.0230437 0.00845762 0.00804842 0.00531724 0.00440248 0.00173435 0.00127994
2019  0.25827 0.382417 0.191643 0.0555034 0.0403302 0.0259667 0.0137287 0.00251907 0.0106361 0.0122705 0.00671503
2020  0.1966 0.357481 0.190451 0.108595 0.0473266 0.0341886 0.0200984 0.0109389 0.0221793 0.0107625 0.00137904
2021  0.137585 0.352033 0.225628 0.110254 0.0645979 0.0420791 0.0251137 0.0130626 0.0189839 0.00889675 0.00176676
2022  0.230977 0.316042 0.277045 0.0852107 0.0418963 0.0200939 0.0108536 0.00748576 0.00567053 0.00254066 0.00218451
2023  0.230977 0.316042 0.277045 0.0852107 0.0418963 0.0200939 0.0108536 0.00748576 0.00567053 0.00254066 0.00218451
Pobs_length_survey 1

Predicted prop Survey
PredSurvey 1 : 
1993  0.309526 0.283299 0.124031 0.0525534 0.0293624 0.0305571 0.0310836 0.032238 0.0277853 0.021742 0.0578224
1995  0.259648 0.338157 0.208535 0.0762876 0.0308792 0.0183548 0.012967 0.0139634 0.0118801 0.00911444 0.0202136
1997  0.172236 0.318432 0.224344 0.12436 0.0715818 0.0350839 0.0181627 0.0116952 0.0071429 0.0057316 0.0112303
1999  0.158474 0.246907 0.177938 0.140377 0.0956048 0.0718931 0.0515962 0.0282366 0.0133732 0.00656219 0.00903774
2000  0.116955 0.236215 0.192478 0.113766 0.104994 0.0816463 0.0645995 0.0466277 0.0234075 0.0096024 0.00970886
2001  0.117061 0.18282 0.191531 0.128301 0.0885255 0.0931919 0.0740973 0.0573905 0.0384433 0.016698 0.0119405
2004  0.347079 0.331493 0.119552 0.0698082 0.0409932 0.0296981 0.019511 0.0144359 0.013311 0.00719508 0.00692377
2005  0.355883 0.388734 0.152394 0.0392302 0.0242694 0.0144386 0.00983866 0.00609281 0.00373427 0.00280555 0.00257933
2006  0.390465 0.368261 0.1616 0.0449716 0.0135615 0.00893349 0.00522423 0.00331049 0.00171973 0.000868347 0.00108534
2007  0.338517 0.408102 0.170936 0.0518626 0.0170418 0.0058125 0.00377515 0.00199992 0.00105141 0.000454274 0.000447316
2008  0.321164 0.382304 0.20074 0.0606491 0.0215655 0.00801693 0.00272275 0.00160187 0.000700907 0.000306939 0.000228134
2009  0.266637 0.401228 0.212266 0.0766613 0.0261844 0.0107612 0.00405219 0.00124383 0.000602318 0.000219261 0.000145083
2010  0.284833 0.351837 0.229462 0.080563 0.0319507 0.0129161 0.00565023 0.00197814 0.000503061 0.000201663 0.000105734
2011  0.353569 0.353183 0.179911 0.0679725 0.0248186 0.0120268 0.00540978 0.00224891 0.000650535 0.00013779 7.29789e-05
2012  0.345999 0.389484 0.169334 0.0563138 0.0215542 0.00916754 0.00496779 0.00218173 0.000764666 0.00018202 5.11159e-05
2013  0.340114 0.394672 0.175775 0.0524206 0.0198913 0.00931012 0.00438113 0.00227966 0.000843706 0.000247431 6.53872e-05
2014  0.349429 0.375834 0.183735 0.0547375 0.0189227 0.00901346 0.00474761 0.00219897 0.00098241 0.000302308 9.71521e-05
2015  0.33151 0.378517 0.181469 0.0646883 0.0233021 0.010208 0.00556943 0.00293572 0.00119249 0.000449318 0.000158357
2016  0.367099 0.335686 0.17979 0.0639702 0.028056 0.0128617 0.00647135 0.00356719 0.00166943 0.000575319 0.000254112
2017  0.294795 0.397394 0.172406 0.0700547 0.0307675 0.0172356 0.0091063 0.0046476 0.00228745 0.000912586 0.000392996
2018  0.300994 0.329881 0.215388 0.0724227 0.0359074 0.0201598 0.0130356 0.00700905 0.00319605 0.00134157 0.000663693
2019  0.261257 0.349965 0.189753 0.09754 0.0404642 0.025385 0.0164389 0.010845 0.00522033 0.0020284 0.00110309
2020  0.253394 0.313113 0.207423 0.0896537 0.0570264 0.0299014 0.0215542 0.0142462 0.00842696 0.00346178 0.00179992
2021  0.258626 0.304816 0.184219 0.0963794 0.0515403 0.0415503 0.0250705 0.0184307 0.0108963 0.00549613 0.0029745
2022  0.265605 0.302602 0.176496 0.0843245 0.0540631 0.0365732 0.0339471 0.0209453 0.0138084 0.00695139 0.00468391
2023  0.230515 0.314588 0.182794 0.0864527 0.0505615 0.0406337 0.0315122 0.02998 0.0167016 0.00939799 0.00686389
Pred_length_survey 1

Observed catch biomass 
 58108 68399 71862 76425 74857 78046 86278 88093 94845 92544 108755 108136 80443 53490 52684 45144 41856 36197 39075 31817 30795 29106 13281 12722 15140 15166 15174 18394 21478 21959 24902 15561
 32320 38044 39971 42508 41636 43410 47989 48999 52754 51474 60491 54659 20856 7401 6780 11915 18874 30238 21874 25967 23246 23981 18263 24314 21803 26056 31423 30476 32690.5 32102.1 31446.7 19099.3
predicted catch biomass 
 58517.7 68605 70475.7 74575.6 72944.1 75884.1 83007.5 85246.4 92415.4 89901.3 103845 106129 81484.1 54711 54494.2 45939.7 41849.2 35963.6 39393.9 32812.9 31388.4 29898.9 13479.6 12820.8 15197.9 15224.6 15264.8 18462 21563.1 22182.2 25096.2 15582.8
 34451 40235.8 39574.6 39529 37640.7 38565.4 40141.5 41815 47620.5 45267 47200.1 45795 20933.1 7599.77 7092.72 12448.5 18581.4 27625.8 21531.5 34324.3 26878.6 30543.5 23843.2 28810.7 23372.6 27823 35935.8 31799.9 34629.4 35502.7 32883.6 19166

Estimated annual fishing mortality 
 Average_F_Fshry_1 Full_selection_F_Fshry_1 Average_F_Fshry_2 Full_selection_F_Fshry_2
1992 0.104538 0.151777 0.0759333 0.161985 
1993 0.131134 0.190391 0.101881 0.217339 
1994 0.137508 0.179206 0.137236 0.2873 
1995 0.116965 0.157893 0.132248 0.274277 
1996 0.10603 0.163989 0.112119 0.229463 
1997 0.0949205 0.140777 0.0890973 0.178874 
1998 0.102642 0.158701 0.0772959 0.150108 
1999 0.10472 0.178739 0.074941 0.138227 
2000 0.129526 0.233011 0.0859495 0.158137 
2001 0.151093 0.247624 0.0965875 0.176362 
2002 0.257393 0.382581 0.147827 0.27204 
2003 0.525345 0.767044 0.283783 0.494424 
2004 0.715708 1.06042 0.273713 0.483932 
2005 0.648288 0.934946 0.182694 0.305819 
2006 0.56765 0.803296 0.202672 0.350965 
2007 0.377441 0.536927 0.259695 0.462771 
2008 0.342498 0.477196 0.316175 0.549992 
2009 0.294191 0.399184 0.393921 0.666172 
2010 0.382895 0.502184 0.324196 0.519314 
2011 0.392261 0.507655 0.546054 0.812354 
2012 0.30636 0.411985 0.300359 0.44681 
2013 0.370184 0.492027 0.404088 0.561273 
2014 0.164574 0.216034 0.289433 0.384037 
2015 0.111323 0.145478 0.221761 0.300176 
2016 0.11004 0.144709 0.140655 0.211513 
2017 0.0939059 0.120862 0.141367 0.225923 
2018 0.0709656 0.0931129 0.12814 0.193288 
2019 0.0672043 0.0881699 0.0880647 0.134133 
2020 0.0753416 0.0988458 0.0955699 0.145565 
2021 0.087672 0.115023 0.109367 0.166579 
2022 0.0754 0.0989225 0.0817264 0.124479 
2023 0.0438296 0.0575031 0.0443096 0.0674888 

Selectivity
Fishery 1  1992  0.0358181 0.166773 0.555432 1.03968 1.22067 1.31292 1.45188 1.42975 1.26236 1.26236 1.26236
Fishery 1  1993  0.0358181 0.166773 0.555432 1.03968 1.22067 1.31292 1.45188 1.42975 1.26236 1.26236 1.26236
Fishery 1  1994  0.035109 0.169115 0.721521 1.26903 1.24142 1.24739 1.30324 1.2966 1.23885 1.23885 1.23885
Fishery 1  1995  0.0347983 0.159242 0.626004 1.1694 1.27728 1.32754 1.34991 1.29988 1.25198 1.25198 1.25198
Fishery 1  1996  0.0356966 0.139118 0.430313 0.901216 1.33414 1.54662 1.46592 1.35044 1.26551 1.26551 1.26551
Fishery 1  1997  0.0418698 0.175416 0.44019 0.79023 1.23159 1.4831 1.45818 1.37728 1.33405 1.33405 1.33405
Fishery 1  1998  0.0419197 0.158138 0.444017 0.751861 1.13917 1.54616 1.5179 1.40123 1.3332 1.3332 1.3332
Fishery 1  1999  0.0427258 0.138892 0.379781 0.700529 1.03502 1.50453 1.70682 1.51003 1.32722 1.32722 1.32722
Fishery 1  2000  0.0471361 0.155772 0.349688 0.591566 0.92894 1.42973 1.79895 1.59349 1.36824 1.36824 1.36824
Fishery 1  2001  0.051926 0.180358 0.417252 0.608593 0.893194 1.24151 1.63888 1.6213 1.449 1.449 1.449
Fishery 1  2002  0.0540672 0.165689 0.41322 0.702303 1.03052 1.29812 1.39557 1.48141 1.48637 1.48637 1.48637
Fishery 1  2003  0.058233 0.174737 0.411608 0.708204 1.10748 1.42037 1.39959 1.33955 1.46008 1.46008 1.46008
Fishery 1  2004  0.0725005 0.241125 0.627502 0.802985 0.970968 1.24775 1.2633 1.32897 1.48163 1.48163 1.48163
Fishery 1  2005  0.0614643 0.282306 0.828793 0.924891 0.997807 1.10803 1.18506 1.28512 1.44218 1.44218 1.44218
Fishery 1  2006  0.0601094 0.333883 0.973492 0.982449 0.911326 1.03217 1.16548 1.29572 1.41512 1.41512 1.41512
Fishery 1  2007  0.0688542 0.441969 0.868673 0.948106 0.917518 1.00573 1.16552 1.316 1.42255 1.42255 1.42255
Fishery 1  2008  0.08089 0.350914 0.837808 1.02228 0.98797 1.05788 1.17798 1.30444 1.39328 1.39328 1.39328
Fishery 1  2009  0.0753144 0.351154 0.8061 1.06102 1.06783 1.10454 1.18256 1.28082 1.35689 1.35689 1.35689
Fishery 1  2010  0.0707214 0.298384 0.78636 1.15347 1.16984 1.15669 1.17967 1.25023 1.31155 1.31155 1.31155
Fishery 1  2011  0.0762052 0.276715 0.718726 1.18911 1.22776 1.18799 1.19551 1.24546 1.29418 1.29418 1.29418
Fishery 1  2012  0.104796 0.32748 0.726146 1.05568 1.10365 1.14283 1.21277 1.29233 1.34477 1.34477 1.34477
Fishery 1  2013  0.0906558 0.35167 0.833726 1.02477 1.08069 1.14814 1.20792 1.275 1.32914 1.32914 1.32914
